1736769281381
1736769350413
1736769365741
1736769404741
1736769619794
1736770028860
1736770029684
1736770035084
1736770040464
1736770057906
1736770226413
1736770228493
1736772294378
1736772296671
1736772296898
1736772315662
1736772317872
1736772328010
1736772331518
1736772332613
1736772352974
1736772382680
1736772384603
1736772393881
1736772405814
1736772412548
1736772413254
1736772414989
1736772446877
1736772448313
1736772453868
1736772889542
1736772937659
1736772962290
1736772964058
1736772976794
1736772988096
1736772991129
1736773393000
1736773393217
1736773393388
1736773393555
1736773399930
1736773400140
1736773400327
1736773400505
1736773404330
